1.020718769772306977e+01
-6.049799525263985345e+00
-5.780700433000000166e-02
5.297617955765089315e-01
1.147762075000000048e-02
5.892254833990522300e+00
1.185263693912340344e+01
2.357166549000000097e-02
-3.158462874823005695e+00
3.423912681999999874e-01
-6.185729261272079338e-01
5.213027137000000172e-02
3.566281710123005766e+00
6.773674005536723719e+00
-4.015616092999999692e-02
2.260151605026560206e-01
8.244230618999999483e-02
5.031904110000000319e-02
7.027697896999999735e-03
1.993471397926560029e-01
1.399797675000000055e-03
-5.262435234041000776e-01
8.364007528896000299e-02
1.277613017000000031e-02
5.873102689000000293e-02
2.655707674999999851e-02
1.046022082189600050e-01
5.847611193999999873e-02
1.565320271800000052e-01
3.034261527000001180e-02
1.726309632000000080e-02
1.576572802999999870e-02
2.402604129999999852e-02
7.791199678000000281e-03
-3.444342160000000205e-03
1.449673645000000045e-02
