4.911059636000000173e+05
-0.000000000000000000e+00
-0.000000000000000000e+00
4.911059636000000173e+05
-0.000000000000000000e+00
1.323628331999999986e-06
-0.000000000000000000e+00
-0.000000000000000000e+00
-0.000000000000000000e+00
4.911059636000000173e+05
1.271291938999999911e+04
-5.780700433000000166e-02
3.890278353000000133e-01
1.271308058999999957e+04
1.147762075000000048e-02
3.655308727000000039e-03
2.230742289999999795e+00
2.357166549000000097e-02
-7.223313933999999426e+04
4.104198300000000163e+05
5.221669718000000460e-01
3.423912681999999874e-01
-3.634015178000000318e-02
7.976839645000000090e-01
5.213027137000000172e-02
6.833358280000000340e-01
1.733558826999999969e+00
-4.015616092999999692e-02
7.645754931999999560e-01
6.910659908000000407e+00
1.767230439999999958e-01
8.244230618999999483e-02
5.031904110000000319e-02
1.328360728999999907e-01
7.027697896999999735e-03
1.721895039000000127e-02
1.399797675000000055e-03
-9.061414881000000440e-04
-4.231794340999999599e-03
2.410646267000000030e-03
1.834593244000000123e-01
1.277613017000000031e-02
5.873102689000000293e-02
1.787835453000000130e-01
2.655707674999999851e-02
2.563791203000000130e-02
5.847611193999999873e-02
1.639570543999999963e-01
-4.965042431000000200e-01
6.960811610999999566e+00
1.263160097000000093e-01
1.726309632000000080e-02
1.576572802999999870e-02
9.597339442999999748e-02
2.402604129999999852e-02
7.791199678000000281e-03
-3.444342160000000205e-03
1.449673645000000045e-02
-1.774564754000000077e-01
1.848167915000000106e+00
