9.855995473812072305e+00
-5.350841003801178886e+00
-3.009010303999999913e-01
7.441959744997200810e-01
-1.575147074999999897e-01
5.898695715500911874e+00
1.183806128627599996e+01
-3.824854388000000112e-03
-3.179509713757215916e+00
3.984243248000000071e-01
-7.199380308870479972e-01
6.940894532999999922e-02
3.375300804157215673e+00
6.766977196127999861e+00
-1.789023395000000072e-02
2.115169012842719742e-01
-1.204906107999999948e-02
4.930861074000000149e-02
1.264855414999999962e-02
3.096295657442720284e-01
2.515647327000000190e-03
-5.709911137420000671e-01
2.823855237340802682e-02
1.584760446999999893e-03
1.326810984999999936e-02
3.168792233000000073e-03
1.551594374634080176e-01
-9.913571601999999691e-04
8.944848574400002250e-02
9.439359439999989165e-03
1.941699126999999999e-04
7.653836098000000275e-03
4.207572609000000304e-03
1.068416651999999981e-02
-1.631184704999999934e-03
2.476414231000000077e-03
