3.692380009999999893e+05
-0.000000000000000000e+00
-0.000000000000000000e+00
3.692380009999999893e+05
-0.000000000000000000e+00
3.563850250000000219e-02
-0.000000000000000000e+00
-0.000000000000000000e+00
-0.000000000000000000e+00
3.692380009999999893e+05
1.120937954999999965e+04
-3.009010303999999913e-01
5.857334964000000532e-01
1.120937968000000001e+04
-1.575147074999999897e-01
5.479847116999999601e-01
3.095069450000000000e+00
-3.824854388000000112e-03
-6.368795296999999846e+04
3.618650573999999906e+05
5.909833683999999865e-01
3.984243248000000071e-01
-2.805392891999999860e-01
1.754128933999999918e+00
6.940894532999999922e-02
1.358936656000000021e+00
3.241865048999999832e+00
-1.789023395000000072e-02
8.014943636000000371e-01
8.123150899000000535e+00
1.183958118000000004e-01
-1.204906107999999948e-02
4.930861074000000149e-02
6.800555085999999971e-02
1.264855414999999962e-02
1.485029254000000132e-01
2.515647327000000190e-03
-1.715045149999999963e-01
5.329673534999999907e-02
2.074906812000000045e+00
7.761351587999999746e-02
1.584760446999999893e-03
1.326810984999999936e-02
1.234522177999999998e-01
3.168792233000000073e-03
8.108218317000000230e-02
-9.913571601999999691e-04
4.530064371999999867e-02
-7.470709405000000580e-02
2.064133940000000056e+00
9.252236919999999587e-02
1.941699126999999999e-04
7.653836098000000275e-03
8.308300976000000670e-02
4.207572609000000304e-03
1.068416651999999981e-02
-1.631184704999999934e-03
2.476414231000000077e-03
-1.420364883999999939e-01
2.023742722000000160e+00
